# YOLOv5 Hyperparameter Evolution Results
# Best generation: 46
# Last generation: 49
#    metrics/precision,       metrics/recall,      metrics/mAP_0.5, metrics/mAP_0.5:0.95,         val/box_loss,         val/obj_loss,         val/cls_loss
#              0.90785,              0.87346,              0.93367,              0.73952,             0.024758,            0.0058893,                    0

lr0: 0.0033
lrf: 0.02164
momentum: 0.91203
weight_decay: 0.00095
warmup_epochs: 1.9941
warmup_momentum: 0.95
warmup_bias_lr: 0.121
box: 0.07304
kpt: 0.11781
cls: 0.84037
cls_pw: 1.312
obj: 0.70022
obj_pw: 0.5
iou_t: 0.2
anchor_t: 4.695
fl_gamma: 0.0
hsv_h: 0.00705
hsv_s: 0.50393
hsv_v: 0.80865
degrees: 0.0
translate: 0.0665
scale: 0.172
shear: 0.0
perspective: 0.0
flipud: 0.0
fliplr: 0.5
mosaic: 0.9043
mixup: 0.0
